7.601009560206619664e-01 9.151987901048297402e-01 6.887334996213445582e-01 -6.205468877273523365e-01 -2.840393421691931319e-01 -7.099664674920813656e-01 -8.603311076142476921e-01 -6.363045414698873525e-01
6.500590163533488397e-01 8.471804198118921825e-01 -3.593792922982164129e-01 -6.694237092801977873e-01 -6.965328103716774688e-01 -5.002981857083075301e-01 -9.779981796343291123e-01 -6.159260963116961474e-01
-5.675218552493659363e-01 -6.558580799240718573e-01 8.699771236644444627e-01 4.238894946228111138e-02 8.148963980692778275e-01 -9.731430923333856953e-01 -7.562151689164009483e-01 4.369135141757964913e-01
8.045684240232249262e-01 -7.880312140827432366e-01 -4.525877603197914212e-02 -5.167546314733484358e-02 2.818032810431143620e-01 -3.400791171965229509e-01 -9.032680808064932343e-01 6.357263811944642296e-01
-8.020300798323574121e-01 -9.419144229857787654e-01 7.827490569186545954e-02 -5.192431371494299341e-01 3.782845646087722447e-01 5.144657915769923484e-02 9.136946579925275813e-02 -2.936389093481011070e-01
5.377830870486972614e-01 4.934841742369844297e-02 -2.762684548046974164e-01 2.730858201130756946e-01 -4.513092739934252418e-01 -9.015726329803823713e-01 -8.950664865148127980e-01 3.795063379996264086e-01
-4.714570312599435375e-01 3.288097442178847807e-01 -6.956534010802060131e-01 -8.462793426574244382e-01 4.525497169915275730e-01 4.217070815316132926e-01 -8.080579574059423287e-01 9.988900013028449987e-01
2.208590993638182010e-01 -2.439221083743683405e-01 5.996029963078135516e-01 -1.224583369022473889e-01 -3.595606548783001344e-01 -4.519106995230577350e-01 2.752694202263739065e-02 1.892809452581669660e-01
-1.847932375134797578e-01 7.327950277567827353e-01 -6.638293080345099018e-01 9.557277471363456733e-02 2.462136973241069171e-01 -6.444195029144856868e-01 -2.429975715073602327e-01 4.295967225176384741e-01
3.445924698111804130e-01 -7.726175556215575391e-01 -3.027545933232704822e-01 4.797911839699344760e-01 5.890134005800038430e-01 7.606901428911927443e-01 8.493025453861569041e-02 5.012187933612761714e-01
6.284803184041747315e-01 9.318391721185261822e-01 -1.335934572615959937e-02 -4.661629456824569750e-01 2.734705744389298587e-02 -6.284608093503263326e-01 7.795472560352085800e-01 -2.460683450514475901e-01
6.732269108279744785e-01 6.650976857103254591e-01 -5.258096437715720217e-01 -2.300216202734872706e-01 6.848549344709151665e-01 6.585803229142594972e-02 -3.941127538579587419e-01 3.800755083521016875e-01
3.437125632355590987e-01 2.153449710884351997e-01 -7.868599142429844040e-01 7.509838561205106622e-01 -5.097711397117137277e-01 1.215386458228302491e-01 -3.568711246083571265e-01 8.978033786083208234e-01
-2.487032931466459651e-02 -2.366070975494922735e-01 2.247270294876857477e-02 8.004625658456767656e-01 -6.259947445032114643e-01 -2.619030652729443798e-01 -4.189376249284297860e-01 -5.537812422332479834e-01
2.006759460200640000e-01 9.067903875925109602e-02 4.602665125834315418e-02 -9.037713187405345128e-01 -8.357329759628926436e-01 2.110552930356035528e-01 2.580518476208322198e-01 -7.798215556730152542e-01
-6.684944762998910051e-01 5.034561876240295497e-01 1.341678046386998169e-01 4.798200393423346366e-01 -3.402601756857837056e-01 9.231591587824152789e-01 5.328503274496310116e-01 8.565080623319976105e-02
5.039227526500928978e-01 -9.906812664270676638e-01 8.498900187986051513e-01 -7.627571352871689303e-01 9.752112749958485871e-01 -3.533314562111184998e-01 6.730130423087292701e-01 3.459361782905947535e-01
-8.659517599490156314e-01 -1.651691328814397508e-02 -1.918255592776565432e-01 7.756554264503900953e-01 8.603238732451945481e-01 8.452224960504572948e-03 -8.508730361918757090e-01 -4.288032891240280975e-01
-3.937624052008699138e-01 2.024282738119054237e-02 -9.782905907760039987e-01 -5.696760193992767007e-01 -1.775585251698097444e-01 -7.277766198621657967e-01 8.796642886781897985e-01 8.440124150176879780e-01
-3.173518643702080144e-01 3.767690433136410277e-01 6.544571537635772707e-01 6.465441507319096281e-01 3.972328023348750126e-01 -9.444925991528019260e-02 1.969235426069881889e-01 2.547968226115226997e-01
9.628294031871846848e-01 -2.254479676756611095e-01 -5.051107172826874159e-01 6.483273296126055296e-01 5.687997255651175976e-01 9.537792103508728747e-01 9.073991980200681873e-01 6.102848533819051902e-01
4.731246345851252144e-01 9.364356287093169584e-01 -4.068541188039720424e-01 -8.083194905142274678e-01 9.502370974962048855e-02 6.018537650472404188e-01 8.030087407562787050e-01 6.954183816464449830e-01
2.872040585132018542e-02 3.131803865837263778e-01 9.646643038760149835e-02 1.779696276810236455e-01 1.391197960748893347e-01 -2.550721983501678114e-01 -2.044679038208099264e-01 -7.681790817455655951e-01
-6.180021414020917536e-01 9.563450677165925562e-01 -1.418888984908488471e-01 -9.596223657739868518e-01 -6.683273192125749329e-01 -7.780776583678981062e-01 5.017002494626399134e-02 -9.349871293872917821e-01
-1.129604653832649852e-01 7.891347252029048409e-01 6.497589542121080530e-01 -8.381222840054378675e-01 5.572370199963505577e-01 5.935249126381330065e-01 -6.687334739632631031e-01 3.594264593046627709e-01
-1.139935958668274463e-01 -9.470896656645109157e-01 2.492857496723765998e-01 -9.004403847221078561e-01 -4.315493560435859077e-01 -6.212335168450637823e-01 8.536031697456638589e-01 1.562875416841629228e-01
9.611719172766588493e-01 -5.123939620798534378e-01 8.047690229348043456e-01 1.595644359194905437e-01 -6.211669962663499689e-01 -9.277164956971128973e-01 -5.655581936831735046e-01 6.372794867449720346e-01
7.374493392577050610e-01 -1.719744651821988324e-01 8.653431870922951852e-01 3.711538277909003369e-01 4.645069092796896282e-01 7.124624125934333474e-01 6.091579278716494628e-01 -7.881933643991785310e-01
-6.271596066542448611e-01 -3.276477127537533729e-01 6.986886376187715353e-01 5.872242028478171783e-01 5.113892254820640026e-02 1.806159039011869805e-01 5.080680336392042751e-01 7.795431866849020786e-01
5.371855331965265101e-01 -9.515956005468073631e-01 4.661226414361061554e-01 -9.548409394798482719e-01 2.333836548213257256e-01 -8.825672476576058578e-01 -4.094702801686247451e-01 -3.887878942812483807e-01
5.344749687856957809e-01 -8.709393196916666025e-01 -8.668524778037229872e-01 -9.078377428426165352e-02 -9.293895991653164934e-01 -2.863740108084642522e-01 6.283450638012191281e-01 9.799293631664252047e-01
-3.904892263841985844e-01 -8.142609506462847868e-01 5.204612178245686671e-01 8.587092260055502191e-01 -1.268881731733273455e-02 -1.375267310352661365e-01 5.301148315460337823e-01 -3.479832273731089387e-01
8.977721008078176634e-01 -6.922593441661946123e-01 -8.680483517134105487e-01 -4.996494382293354963e-01 -7.673690049508889999e-01 -7.950277200822062351e-01 9.728092394079412841e-01 7.324515725044411507e-01
7.428924616723737717e-01 -8.566529050513651544e-01 -2.051883696855871797e-01 -7.103586838733171316e-01 -6.129591355274228714e-01 1.887690223494080666e-01 3.636807766356711102e-01 -1.941435489877434417e-01
3.577185224525343266e-01 -9.427311119185475263e-01 4.694917914769469736e-01 9.921196652534880478e-02 4.771829772849212059e-01 7.198229350526441639e-01 3.782539619415616894e-01 -7.492282171722164374e-01
-7.725299215617111859e-01 -9.817349925424885271e-01 2.702683154261582565e-01 -6.813225847920285627e-01 -8.793138839038461274e-01 -5.359295553814498181e-01 6.379082594160316866e-01 8.104535500409633109e-01
-2.319563706446539086e-01 5.323928288662542752e-01 5.713935245610333169e-01 -2.623260089194512368e-02 -4.982506661187706687e-01 1.569047326562269529e-01 -8.505382472593285836e-01 3.581920297572522838e-01
6.156479057812749289e-01 -3.745454658647262569e-01 1.768482553212979980e-01 3.485620277378733700e-01 -9.220495182497561171e-01 5.464065019314559013e-01 1.252742652059974926e-01 8.413046505672066022e-01
-3.401424827171355414e-01 -9.239301532082919710e-01 -4.758953075320193626e-02 7.597281679070000404e-01 -4.170432479490404631e-02 3.873496267935079285e-01 -2.027132177236992128e-01 -8.176129744668259036e-02
-2.986564968018152744e-01 -1.066336579394708828e-01 3.893945228316118001e-01 5.623381661809372378e-01 -7.855998289166319370e-01 -5.450766590105979859e-01 3.142709882246872422e-01 -2.684412537784046648e-01
3.241876808069088511e-02 1.893308199507681699e-02 -2.434560786716903902e-01 -9.324357400169831500e-01 -5.288363287675161839e-01 9.221187714269425406e-01 7.833570488636456552e-01 6.109471868726390476e-02
-8.700807388026627898e-01 -3.676263085847308876e-01 -1.393179195825871020e-01 -1.395797175500308462e-01 -2.815208939816558065e-01 2.867255541393529672e-01 7.255605637207716008e-01 -5.059573492917239790e-01
-3.204658363826680123e-01 1.238331549254378938e-01 9.907564130964992000e-01 -2.163149569982105724e-01 4.000217720243000041e-01 5.580712815167319096e-01 7.179776114456704050e-01 -8.990557181987601787e-01
6.868842322308659210e-01 7.435561502001319933e-01 -4.103397212107153802e-01 -7.418919440035498525e-01 -4.118433899691686939e-01 5.907115635745192606e-01 -5.191252702284556708e-01 -2.340855730120350309e-01
-6.889577241033320032e-01 -4.038968011210948283e-01 -4.179869677204115508e-01 -1.930095323187659417e-01 -2.167332629417026979e-01 -6.142396953243152158e-01 -9.133764988304469146e-01 1.759521176415355104e-01
3.150350127871681671e-02 -4.516865037931976357e-01 4.567693612571310791e-01 7.771675101175812284e-01 9.755114385523071530e-01 7.307773845932834522e-01 8.617032868292378023e-01 -7.601424528700311267e-01
9.909722264746350096e-01 3.973954111343873663e-01 9.850093463344762323e-01 -7.149058406912143226e-01 -3.845272056162349905e-01 -7.220960876582172006e-01 2.339664071380131993e-02 -9.268438366467623979e-04
5.273387274754290921e-01 1.053919771984437315e-01 -1.373132595409538581e-01 3.408432011108608606e-02 3.330475280346958389e-01 8.335980346341296254e-01 4.387183713740181457e-01 -1.001463914060527483e-01
1.576212182596137268e-02 3.823037530990185395e-01 -5.362003739412739556e-01 6.007448398278958379e-02 -5.966386955655536006e-01 4.782243782126123222e-01 4.972372179606143749e-01 -3.091801274063219473e-01
3.253423727048916358e-01 4.670918471457634613e-01 7.786416638250688305e-01 9.844641044294921706e-02 -4.225088942536134873e-01 -6.090250316361587313e-01 -6.397171651155062477e-01 -5.732693783387412534e-01
8.869085171277260038e-01 -2.970763528798421316e-01 -6.163412563273094058e-01 1.208135555313927245e-01 -8.109412045105541811e-01 -1.755692410394937841e-01 4.673158322281125709e-01 7.928009245310303488e-01
1.553812848616999975e-01 8.795277764967228684e-01 3.999549228089160913e-01 -6.439548527080070084e-01 1.755451357515465105e-01 -2.731827332909941841e-01 -3.263682882907197325e-01 -4.485499665394889757e-01
-7.239417844319233630e-01 4.918515188348897560e-01 -5.073600896017114170e-01 2.285451884220104368e-01 3.695721521158170653e-01 -4.000247415559907704e-01 -9.532210169480841433e-01 1.719075568409933474e-01
1.176938275613526041e-01 -4.658517343751427120e-01 7.837197752495739245e-02 -2.089025876009749094e-01 5.393834293469572660e-01 -9.049226738456956909e-01 2.964464102360291342e-01 -4.299869635899433717e-01
-1.649670623471630737e-01 -4.050038611769621877e-01 1.136265639021587504e-01 -3.901457869739948237e-01 -7.275149940603498067e-02 -3.155298494067038106e-03 -7.127909154966747263e-01 4.164953197604095436e-01
4.296895870469286116e-02 9.526190359920050366e-01 -4.704670356553166677e-01 -9.727291206079387020e-01 -1.740987576748180832e-01 -4.498871706519329550e-01 7.245817274742822889e-01 -4.299567192638027446e-01
4.945378367262760477e-01 5.999903424875616675e-01 2.451179866136696806e-01 9.106762410539472885e-01 9.387291515435065570e-01 5.150683475553845536e-01 -8.716465755175017982e-02 -7.994671897308767150e-01
-1.836067532661556090e-01 -1.844386649683822377e-01 -5.608753890440612011e-01 2.061701555027364297e-01 -8.672715592246749150e-01 3.719322972483181111e-01 5.294737991034437208e-02 6.023295066939198250e-01
6.095288480325675717e-01 2.438887624010772637e-01 -3.393776848459737483e-01 6.296393211416924096e-01 -8.593789015808352971e-01 -7.104786551516315551e-01 -5.913552128442871592e-01 -8.906568094181588346e-01
6.165526328897796837e-02 -4.695035695780065410e-01 -5.691469064360887842e-02 7.967667223522107989e-01 -1.516664720306628578e-01 -5.906432438109594507e-01 -4.652757850941200424e-01 -2.271435131390053819e-02
7.234981457107156899e-01 3.250071082916512477e-01 -7.647049472653828506e-01 8.461413821113006328e-02 3.290501580656990388e-01 9.438215084540868549e-01 2.020759631763768827e-01 -2.587552195841806846e-01
-2.530508172804208922e-01 2.180262152572904899e-01 4.823639923002998042e-01 -9.074168624996679089e-01 3.491585479443974904e-01 -7.558445387092285195e-01 -3.060119745027511939e-01 -8.341769007048223106e-01
-8.373106232770366475e-01 -9.786774295425693104e-01 9.249850680458711061e-01 5.945956411064974301e-01 -1.152439126868309849e-01 -7.245240820409006854e-01 1.445966427165565893e-01 7.106713092021843536e-02
-7.958707563164419962e-01 -1.033379043894737670e-01 -5.987220164279143386e-01 -6.081450387750853004e-02 2.594269636474362262e-01 -5.691938757223031775e-01 5.746093299188343995e-01 -7.343794210544696277e-01
-5.521694648069914724e-01 5.550135771615729574e-01 5.806482245855242308e-01 -6.316450487627478516e-02 -5.074802773649855769e-01 2.809392681210232112e-02 3.357683777130548997e-01 -6.679086211758955560e-01
4.195782682744104708e-01 5.259292465760401214e-03 4.472396492137684643e-01 -9.461710945577348486e-01 6.316152616564274513e-01 9.252553636268270321e-01 5.371117866705228394e-01 -5.210586791922884320e-01
-3.301017460053328190e-01 -6.807574906519204827e-01 -2.250288165758218550e-01 8.886254944890483731e-01 -2.211986967368715362e-01 8.230767625842618784e-01 -2.272805110369606751e-01 -7.448171660986984133e-01
-3.866361338659536351e-01 1.071263866093776773e-01 -4.841012612238171364e-01 8.411745272368849058e-01 9.723646417493818639e-01 6.661501971046253079e-01 6.092200536907823594e-01 -4.245737788366292786e-01
-5.947070016409710114e-01 3.984294047794634253e-01 -9.529150137966853062e-01 7.733744634429855491e-01 -9.936169181054139710e-01 3.255442882994035170e-01 -9.556926527577764841e-01 1.034209716421847780e-01
6.452349559907923915e-01 4.373270993199389611e-01 -8.735046374378154788e-01 2.217038314191357440e-01 8.026782712456059787e-01 -4.031146927645212763e-01 2.048241452598835721e-01 -9.039448602922419695e-01
1.603958269641743151e-01 -6.619685296517863193e-01 -6.123253276956028834e-01 3.551976051811296387e-01 9.428844578450139569e-01 2.836910565357713132e-01 9.146981880160609535e-03 5.899917437068429305e-01
2.370017012308378579e-01 -3.130196040826094261e-01 -3.192898554537026978e-01 -4.955722593040647883e-01 -2.300502662007424259e-01 -8.383174901729719686e-01 8.402395200457313251e-02 3.448421481345329553e-01
8.188122351734516968e-02 1.563441206296409813e-01 -5.969126623995180125e-02 -1.855856592797071603e-01 6.287995357075553127e-01 8.072448173917747827e-01 9.891606499022733701e-01 5.770687413808051058e-01
-7.090202691613687325e-01 4.807332761174532010e-01 2.797419319148695127e-01 -9.864755318356881464e-01 -6.657677461804507590e-01 -3.489684520093017106e-02 5.659958131126638925e-01 3.315834181712722373e-01
9.232906957202640097e-01 2.925864573639165300e-01 2.815350176893525180e-01 -8.119570440544428003e-01 7.590393246619855372e-01 8.701115522496867261e-01 1.338798199670998557e-02 -9.771561936113224434e-01
-5.535273718823741085e-01 -4.927745560249847667e-01 -3.125598837636824889e-01 -8.609469723177605172e-01 9.669683496920560284e-01 5.034136770641317593e-01 -8.182143625403175413e-01 1.842665826307037236e-01
-4.147499803286940345e-01 2.236849540627541266e-01 -8.917432940727647583e-01 8.848862606118381713e-01 6.073206185528223777e-02 -3.906480562607475004e-01 -1.443302699842452519e-01 -2.785226702468566184e-01
2.181727470722318873e-01 -1.521352607554355973e-01 -3.732915419609541541e-01 -6.853623292501236364e-01 -3.051566431896461928e-01 5.201532273374889215e-01 9.012289177167818188e-01 9.872485147446889986e-01
5.484172335566377399e-01 4.278491327737761196e-01 1.428307965207560315e-01 -7.358487404331377491e-01 8.702058408994148841e-01 -7.818804739324254349e-01 8.217272548327203552e-02 -4.399836490681818812e-01
-4.365246039463221983e-01 5.528300220102371210e-01 5.050465294950057249e-01 -3.586142024668206307e-01 3.739264349779760632e-01 -5.829754470921599818e-02 3.714448810280437385e-01 4.066877137504372186e-01
-3.317952808818858124e-01 -1.290108572841572876e-01 2.555795094159456493e-01 9.902027630333405384e-01 4.775282986796312024e-01 -6.366453118845694092e-02 -9.861703233695242599e-01 5.965463826941297398e-03
3.091897184798297893e-02 2.462152744447565489e-02 -2.769306123475347992e-01 2.945105035702602070e-01 -1.521317860255786414e-01 7.878305921024615355e-01 1.282519238202313172e-01 -6.044642737307941438e-01
6.855186239547976790e-01 2.130381208042764207e-02 -8.683719218628980219e-01 9.320178740726980937e-01 1.852503415687145605e-02 -3.713801327463814861e-01 -4.457784507866358048e-01 -6.394495707588327971e-01
-9.850362033696669073e-01 3.511651538014566309e-01 6.642849973504860728e-02 -4.979507201210813250e-01 -6.333691798299285747e-01 -7.300886185407606810e-01 -5.825832250731286521e-01 1.681546053936733287e-02
7.219235418500540291e-01 3.072405418545400835e-01 -8.748353813609772711e-01 6.033634310186366534e-01 5.343468261796575636e-01 4.049748753885524799e-01 -3.890279351340557579e-01 7.665430653490503676e-01
-3.768851909324248961e-01 -1.103611902634862307e-01 -1.273805699521135537e-02 3.250509285369407309e-03 -9.129281938631079729e-01 3.581031892523083293e-01 5.612644563976134648e-01 8.940391799745037726e-01
-6.349157465498198594e-01 -3.379625190641029064e-01 -2.108711683531110381e-01 -9.167442839566881663e-01 -3.886281914875220345e-01 5.621173320001680018e-01 1.426549888209887040e-01 1.487050867703889612e-01
-7.933763352516227663e-01 -2.237637447363827192e-03 1.688962373077746992e-01 3.133621110510866892e-01 -2.133178260379346991e-01 8.800059801963573403e-01 2.277178062393712121e-01 -6.919270339784699964e-01
-1.707035869747937085e-01 4.346050638440659419e-01 5.404098727604380592e-01 9.731771532579052142e-01 8.125903385993757944e-01 1.421743534677222254e-01 8.007452895875235566e-01 -1.271820224346282835e-01
9.195576080947052144e-01 -4.378139963019944680e-02 -2.027594447462626182e-01 7.500655445718873437e-01 -7.919867750651665705e-01 -6.840559534433643396e-01 8.128331754844371204e-01 7.217747897150259551e-01
4.205715580273361454e-01 -3.249119045653974247e-01 5.157263522289801116e-01 -7.026543420635540382e-01 -7.671889695455149649e-01 7.349216577491719526e-01 1.764361898964639241e-01 1.042888191585480406e-01
-2.472179566231629266e-01 -9.092702090750701682e-01 2.575626791616061340e-01 9.745746640318833087e-01 -2.468499509643429235e-01 -4.953734934899038933e-01 9.671824527608949840e-01 9.847436798643736111e-01
-2.668705400548765372e-01 9.523781334425742706e-01 8.342413261313839090e-01 -4.900680380706652350e-01 5.567127925515915621e-01 -8.837442063225773303e-01 -7.223424261769577637e-01 -2.780115726839049728e-02
3.777273780878982468e-01 -5.362699894171636394e-01 9.006394095151670776e-01 -8.138650909788547327e-01 -7.376035338912800832e-01 -6.408884625920745481e-01 9.316964723072169718e-01 -7.346930271084191055e-01
-2.825098564451946626e-01 7.731836319104856692e-02 5.981265017268604378e-01 -7.529977026668199791e-01 -2.402039789150591798e-01 -3.035422156203007038e-01 2.438735996984415788e-01 -9.831763469235532682e-01
8.634914120546699490e-01 -5.691878594589194762e-03 4.524704391162168715e-01 -4.026288038882195330e-01 -4.929273384538190861e-01 2.388808922490075481e-01 -7.393180881409440186e-01 -1.379983099406059122e-01
9.890715660463187398e-01 -7.440333706228037247e-01 -5.352484917691635591e-01 9.592494495747192484e-01 7.970175104545098588e-01 -6.648400178077686906e-01 3.190249077426126068e-01 9.748698814603975471e-01
8.583299049846382367e-02 6.397636479891000150e-02 4.281174227768687057e-01 -2.291988412759582427e-01 -2.476447318163754741e-01 2.566623464899024931e-01 -8.700869697163267080e-01 1.931164599734478404e-01
1.890247399863405064e-01 -6.489431035421064919e-01 8.128644665761126653e-01 2.766219693657381296e-01 3.115753958940878920e-01 -5.955160557142740174e-01 1.692173006107304811e-01 -7.191205843787589203e-01
