-4.101316626928026565e-01 6.901610791713070903e-01 7.556055846809648369e-01 -6.200403162605125917e-01 -1.245536877875113024e-01 5.523011811737643662e-01 -6.548677253790324837e-01 2.438771588857198136e-01
9.297090487330281761e-01 -7.788494955660238972e-01 -8.206532855568249296e-01 -3.474698611919568858e-01 -6.573256325971841285e-01 3.546850347277714643e-01 -3.032015753308365813e-01 -9.860536048968737699e-01
9.174193460754092033e-01 -4.492227612173220752e-01 -1.921691631736586192e-01 3.269723158478103908e-01 9.089594849908630980e-01 1.361427444785896501e-01 7.986690369927165190e-01 -7.069791982075110948e-01
1.312932508275983512e-01 5.421852087766323436e-01 9.536766618615295510e-01 3.143570301945282086e-01 -6.076773681885947465e-01 9.107038464216410389e-01 -2.694941436921356459e-01 2.083463482189262805e-01
2.522962707830713747e-01 -3.255708873415834592e-01 3.900189795837698536e-01 -7.140901126017185074e-01 -2.948068427698651295e-01 -7.531523039573884137e-01 6.074169277799286171e-01 -7.342524986113976304e-01
-1.007001252931163382e-01 -7.538789673958699034e-01 -2.828719364092213695e-02 2.930523826158233369e-01 3.892077457735010348e-02 -7.120232548060603239e-01 -3.877557813294492117e-01 2.561487202585270850e-01
-7.607243189234145220e-01 -6.138307707945864777e-01 -4.012868324366589690e-01 9.763237460887983499e-01 2.672989974809545366e-01 4.284707704696284480e-01 3.952905893844935736e-01 -7.586085388461212276e-01
4.397388934623451817e-01 -6.861446798663419777e-01 3.079890243518437210e-01 4.980908848098259956e-01 1.537567135162345444e-01 -7.941999877775032246e-01 1.029306617471865692e-01 -5.406310708230608331e-01
9.415798241007262703e-01 8.524866893444527083e-01 -8.057490845713140004e-01 -7.282660446711375357e-02 9.004661804553384385e-01 8.986546809175044448e-01 -4.049617561413643152e-01 2.485879674922946148e-01
9.729555772113205325e-01 9.965336571342442440e-01 5.212039020416956436e-01 3.779951650630488658e-01 -6.801197137285477368e-01 -4.302332875930876543e-01 8.469136251974156426e-01 -5.332452929894191396e-01
